30,02547;0
30,02547;0
30,02547;0
30,02547;0
30,02547;0
30,02547;0
30,02547;0
30,02547;0
30,02547;0
30,02547;0
30,02547;0
30,02547;0
30,02547;0
30,02547;0
30,02547;0
30,02547;0
30,02547;0
30,02547;0
30,02547;0
30,02547;0
30,02547;0
30,02547;0
30,02547;0
30,02547;0
30,02547;0
30,02547;0
30,02547;0
30,02547;0
30,02547;0
30,02547;0
30,7934;30,76727
30,7934;30,76727
30,7934;30,76727
30,7934;30,76727
30,7934;30,76727
30,7934;30,76727
30,7934;30,76727
30,7934;30,76727
30,7934;30,76727
30,7934;30,76727
30,7934;30,76727
30,7934;30,76727
30,7934;30,76727
30,7934;30,76727
30,7934;30,76727
30,7934;30,76727
30,7934;30,76727
30,7934;30,76727
30,7934;30,76727
30,7934;30,76727
30,7934;30,76727
30,7934;30,76727
30,7934;30,76727
30,7934;30,76727
30,7934;30,76727
30,7934;30,76727
30,7934;30,76727
30,79621;30,76756
30,79621;30,76756
30,79621;30,76756
30,79621;30,76756
30,79621;30,76756
30,79621;30,76756
30,79621;30,76756
30,79621;30,76756
30,79621;30,76756
30,79621;30,76756
30,79621;30,76756
30,79621;30,76756
30,79621;30,76756
30,79621;30,76756
30,79621;30,76756
30,79621;30,76756
30,79621;30,76756
30,79621;30,76756
30,79621;30,76756
30,79621;30,76756
30,79621;30,76756
30,79621;30,76756
30,79621;30,76756
30,79621;30,76756
30,79621;30,76756
30,79621;30,76756
30,79621;30,76756
30,40939;30,3811
30,40939;30,3811
30,40939;30,3811
30,40939;30,3811
30,40939;30,3811
30,40939;30,3811
30,40939;30,3811
30,40939;30,3811
30,40939;30,3811
30,40939;30,3811
30,40939;30,3811
30,40939;30,3811
30,40939;30,3811
30,40939;30,3811
30,40939;30,3811
30,40939;30,3811
30,40939;30,3811
30,40939;30,3811
30,40939;30,3811
30,40939;30,3811
30,40939;30,3811
30,40939;30,3811
30,40939;30,3811
30,40939;30,3811
30,40939;30,3811
30,40939;30,3811
30,40939;30,3811
30,40939;30,3811
30,40939;30,3811
30,40939;30,3811
30,81688;30,38109
30,81688;30,38109
30,81688;30,38109
30,81688;30,38109
30,81688;30,38109
30,81688;30,38109
30,81688;30,38109
30,81688;30,38109
30,81688;30,38109
30,81688;30,38109
30,81688;30,38109
30,81688;30,38109
30,81688;30,38109
30,81688;30,38109
30,81688;30,38109
30,81688;30,38109
30,81688;30,38109
30,81688;30,38109
30,81688;30,38109
30,81688;30,38109
30,81688;30,38109
30,81688;30,38109
30,81688;30,38109
30,81688;30,38109
30,81688;30,38109
30,81688;30,38109
30,81688;30,38109
30,81688;30,38109
30,81688;30,38109
30,81688;30,38109
30,60217;30,16942
30,60217;30,16942
30,60217;30,16942
30,60217;30,16942
30,60217;30,16942
30,60217;30,16942
30,60217;30,16942
30,60217;30,16942
30,60217;30,16942
30,60217;30,16942
30,60217;30,16942
30,60217;30,16942
30,60217;30,16942
30,60217;30,16942
30,60217;30,16942
30,60217;30,16942
30,60217;30,16942
30,60217;30,16942
30,60217;30,16942
30,60217;30,16942
30,60217;30,16942
30,60217;30,16942
30,60217;30,16942
30,60217;30,16942
30,60217;30,16942
30,60217;30,16942
30,60217;30,16942
30;30,11006
30;30,11006
30;30,11006
30;30,11006
30;30,11006
30;30,11006
30;30,11006
30;30,11006
30;30,11006
30;30,11006
30;30,11006
30;30,11006
30;30,11006
30;30,11006
30;30,11006
30;30,11006
30;30,11006
30;30,11006
30;30,11006
30;30,11006
30;30,11006
30;30,11006
30;30,11006
30;30,11006
30;30,11006
30;30,11006
30;30,11006
30;30,11006
30;30,11006
30;30,11007
30;30,11007
30;30,11007
30;30,11007
30;30,11007
30;30,11007
30;30,11007
30;30,11007
30;30,11007
30;30,11007
30;30,11007
30;30,11007
30;30,11007
30;30,11007
30;30,11007
30;30,11007
30;30,11007
30;30,11007
30;30,11007
30;30,11007
30;30,11007
30;30,11007
30;30,11007
30;30,11007
30;30,11007
30;30,11007
30;30,11007
30;30,11007
30;30,11007
30;30,11007
30;30,11006
30;30,11006
30;30,11006
30;30,11006
30;30,11006
30;30,11006
30;30,11006
30;30,11006
30;30,11006
30;30,11006
30;30,11006
30;30,11006
30;30,11006
30;30,11006
30;30,11006
30;30,11006
30;30,11006
30;30,11006
30;30,11006
30;30,11006
30;30,11006
30;30,11006
30;30,11006
30;30,11006
30;30,11006
30;30,11006
30;30,11006
30;30,11006
30;30,11006
30;30,11006
30;30,11007
30;30,11007
30;30,11007
30;30,11007
30;30,11007
30;30,11007
30;30,11007
30;30,11007
30;30,11007
30;30,11007
30;30,11007
30;30,11007
30;30,11007
30;30,11007
30;30,11007
30;30,11007
30;30,11007
30;30,11007
30;30,11007
30;30,11007
30;30,11007
30;30,11007
30;30,11007
30;30,11007
30;30,11007
30;30,11007
30;30,11007
30;30,11007
30;30,11007
30;30,11007
30;30,11006
30;30,11006
30;30,11006
30;30,11006
30;30,11006
30;30,11006
30;30,11006
30;30,11006
30;30,11006
30;30,11006
30;30,11006
30;30,11006
30;30,11006
30;30,11006
30;30,11006
30;30,11006
30;30,11006
30;30,11006
30;30,11006
30;30,11006
30;30,11006
30;30,11006
30;30,11006
30;30,11006
30;30,11006
30;30,11006
30;30,11006
30;30,11006
30;30,11006
30;30,11006
30;30,11007
30;30,11007
30;30,11007
30;30,11007
30;30,11007
30;30,11007
30;30,11007
30;30,11007
30;30,11007
30;30,11007
30;30,11007
30;30,11007
30;30,11007
30;30,11007
30;30,11007
30;30,11007
30;30,11007
30;30,11007
30;30,11007
30;30,11007
30;30,11007
30;30,11007
30;30,11007
30;30,11007
30;30,11007
30;30,11007
30;30,11007
30;30,11007
30;30,11007
30;30,11007
30;30,11006
30;30,11006
30;30,11006
30;30,11006
30;30,11006
30;30,11006
30;30,11006
30;30,11006
30;30,11006
30;30,11006
30;30,11006
30;30,11006
30;30,11006
30;30,11006
30;30,11006
30;30,11006
30;30,11006
30;30,11006
30;30,11006
30;30,11006
30;30,11006
30;30,11006
30;30,11006
30;30,11006
30;30,11006
30;30,11006
30;30,11006
30;30,11006
30;30,11006
30;30,11006
